0	0.12967612892367303
1	0.8519559644788888
2	0.1423229050353515
3	0.9306605167548704
4	0.8501062103734973
5	0.867579368773867
6	0.8810614407893381
7	0.15341393880585955
8	0.16082688406410117
9	0.10780266522355389
10	0.1861642919704864
11	0.08421716972368068
12	0.9616461119306406
13	0.8773005694596098
14	0.10007650882931199
15	0.16640999197680736
16	0.7960246656904489
17	0.12967607608604675
18	0.1770415705168878
19	0.3221104071343967
20	0.12604603061421715
21	0.7059830045608885
22	0.07026731599533577
23	0.04773727389657361
24	0.8001106491657491
25	0.07377546599762758
26	0.14951607200221273
27	0.8667770241979129
28	0.8549761752790137
29	0.8789212634598679
30	0.1429623269138235
31	0.931620474303935
32	0.7801091927714942
33	0.9616457801056273
34	0.10795421934704223
35	0.846262293479099
36	0.12078043981830468
37	0.12185276150452563
38	0.16082791678402875
39	0.1423229050353515
40	0.5397590485118516
41	0.16466498463669713
42	0.7210676981597338
43	0.7778908345131452
44	0.9091978342207608
45	0.12967688484261655
46	0.274049111569038
47	0.16640999197680736
48	0.12079607413460136
49	0.7242474202902774
50	0.15342383785593755
51	0.13237695549895617
52	0.9177672585746809
53	0.08621169198519979
54	0.8357234620373277
55	0.9201038342762429
56	0.07153375548525205
57	0.10792515758634276
58	0.12185107980435668
59	0.1570570916079275
60	0.028171907971890224
61	0.1305452069303612
62	0.1664099391391811
63	0.14008146838927318
64	0.10779631881548359
65	0.8023036382308193
66	0.15705200585823034
67	0.15545353915156354
68	0.08421835990620756
69	0.15908200936653805
70	0.15907861445868168
71	0.7542059476592071
72	0.5001021197678995
73	0.18614569931054747
74	0.8432452775133414
75	0.10007650882931199
76	0.08422683134917784
77	0.7778744541039359
78	0.07153827026809574
79	0.0001092893239472345
80	0.9401013332124905
81	0.10356152383659471
82	0.10794447046739239
83	0.8284158695102466
84	0.8659616283103398
85	0.7641555929859738
86	0.13344381025245414
87	0.8751041126270369
88	0.9201096988395244
89	0.1646947921820863
90	0.1770324019105429
91	0.13238818901049965
92	0.1023853256225427
93	0.08581924691360045
94	0.274049111569038
95	0.16640999197680736
96	0.15341393880585955
97	0.12079418001360369
98	0.12967431668578963
99	0.00010050168117366106
100	0.12079483922909443
101	0.9075154300187881
102	0.8984157503747499
103	0.1775185425213502
104	0.028181765039293982
105	0.14951607200221273
106	0.10234923610203926
107	0.1989052397844513
108	0.1534091837169655
109	0.8806928288428056
110	0.10794955621708953
111	0.9805172988650365
112	0.8023113434057042
113	0.16676574585401543
114	0.9177508930997722
115	0.7779076047162649
116	0.15706055627091906
117	0.13344206284810786
118	0.9001129018629999
119	0.15545353915156354
120	0.8482513556386946
121	0.10007650882931199
122	0.12967697149510618
123	0.1663932248367385
124	0.880100651619712
125	0.8413766171648498
126	0.07153696257129497
127	0.10007650882931199
128	0.12078043981830468
129	0.11638844541710264
130	0.12967612892367303
131	0.1482549144921267
132	0.7885751695312815
133	0.09241642182246683
134	0.844937285046421
135	0.16677168685763707
136	0.9176471144115848
137	0.16010932498746597
138	0.15705200585823034
139	0.13412894907079592
140	0.9453256792032063
141	0.9216798852842317
142	0.11241116465213123
143	0.18761373332632084
144	0.8675775867635162
145	0.15338661335892873
146	0.19890020091386199
147	0.0001092893239472345
148	0.15343144574532522
149	0.00010050168117366106
150	0.055665439180734674
151	0.46352296466043635
152	0.18614460476839984
153	0.772038215704127
154	0.13344035701449666
155	0.8134325210159739
156	0.16464821749662825
157	0.17703418062853932
158	0.1296777291489257
159	0.9123787948948788
160	0.13413067761826075
161	0.14231250049137242
162	0.8482441836834647
163	0.5099145707343765
164	0.9323170209002515
165	0.9323130690215581
166	0.8479370773873441
167	0.13344206284810786
168	0.705983686153667
169	0.8508524790302138
170	0.8853493129669779
171	0.32211536669435786
172	0.885352826769196
173	0.9445486999287672
174	0.9201210701729663
175	0.7255952162694018
176	0.773441355944714
177	0.15162651441797323
178	0.15752114073372825
179	0.880102635421911
180	0.13054684568100744
181	0.13235164110444428
182	0.7542072258385515
183	0.16082411263275598
184	0.1612632351668857
185	0.1989024992900573
186	1
187	0.8984113830892729
188	0.08618349987767895
189	0.15908200936653805
190	0.7888420172028305
191	0.15079011556352995
192	0.1590794708622035
193	0.160110173857593
194	0.9138971145714518
195	0.08706496906438319
196	0.07926415914093614
197	0.12010641896218756
198	0.8479450637099335
199	0.07377546599762758
200	0.15343524653190804
201	0.7778829618344585
202	0.10500242346227062
203	0.13235164110444428
204	0.14295764453831653
205	0.10011373332632081
206	0.15908200936653805
207	0.12604603061421715
208	0.15338661335892873
209	0.17751985651988336
210	0.10780905247484446
211	0.8482533613549876
212	0.1296777291489257
213	0.10500021678294942
214	0.8482513556386946
215	0.8511718523986147
216	0.1495408875724957
217	0.46352431333739114
218	0.11715463912098048
219	0.17752700523088877
220	0.8334463900687008
221	0.10780219131748682
222	0.4903116786475464
223	0.10007650882931199
224	0.18615107363126046
225	0.12079141677668952
226	0.1229075192250333
227	0.8910504892877306
228	0.10009187739884455
229	0.9168044968234365
230	0.15752791290799378
231	0.7734417175112805
232	0.12604603061421715
233	0.7819319151445027
234	0.5001062983435102
235	0.11717006242128465
236	0.13054797560196338
237	0.16412558036054087
238	0.12967612892367303
239	0.9706950016380962
240	0.1112190808848655
241	0.12967612892367303
242	0.16640999197680736
243	0.7768067363716574
244	0.1507855831265613
245	0.16127075811970926
246	0.8637354428237124
247	0.10795302088008109
248	0.15544422216461956
249	0.16412700005418107
250	0.0858050703601766
251	0.07153696257129497
252	0.1560659381742046
253	0.16009907918734878
254	0.9053719364250611
255	0.0792899677226388
256	0.07154147329157118
257	0.7242456382799266
258	0.847361763456146
259	0.07379098642132428
260	0.07928509600399582
261	0.8853521120128416
262	0.13054684568100744
263	0.7778744541039359
264	0.9316075009347804
265	0.8637499947061067
266	0.10500454083574022
267	0.16642216911657812
268	0.1251235697893675
269	0.07026731599533577
270	0.12967697149510618
271	0.1291329096842281
272	0.0870658467265964
273	0.0842215854733456
274	0.11715844424214493
275	0.13053903809301837
276	0.12604547867204952
277	0.8801062103734973
278	0.10007650882931199
279	0.1291402806758968
280	0.09484890517757492
281	0.8334432824323771
282	0.9138976282894659
283	0.16641214322301967
284	0.1590795430310396
285	0.7736960093658398
286	0.15606124394458243
287	0.8473665701836458
288	0.12010895296801573
289	0.08581814541366899
290	0.944569996796093
291	0.161272591977344
292	0.07928341047168842
293	0.1590723001666478
294	0.93162704906622
295	0.8910125022367246
296	0.8853526775343528
297	0.150110649165749
298	0.9453143446348686
299	0.7601080226113807
300	0.9092046645847398
301	0.07926090596193933
302	0.12607509237491663
303	0.07028652068863149
304	0.9306687485488233
305	0.11718416116252967
306	0.7210419319696291
307	0.12604603061421715
308	0.274049111569038
309	0.08619672635496396
310	0.13235164110444428
311	0.028181765039293982
312	0.10794943559841211
313	0.7960234792347833
314	0.8519611411757991
315	0.15338661335892873
316	0.160100651619712
317	0.48156350181292223
318	0.10780939435830351
319	0.9201346081932724
320	0.08422209863175392
321	0.12967612892367303
322	0.8801205055005864
323	0.0862000337989538
324	0.12604603061421715
325	0.08620357786558061
326	0.9092111088420606
327	0.8482426642014245
328	0.7542063304294921
329	1
330	0.9608940125650146
331	0.8659822753898277
332	0.8270332507806699
333	0.8383720693913558
334	0.18616473790543298
335	0.18615280997141712
336	0.07926415914093614
337	0.9039962436620637
338	0.49030446957409607
339	0.1297059364690622
340	0.15752874862311592
341	0.16126085906963125
342	0.12967612892367303
343	0.028171907971890224
344	0.10234923610203926
345	0.9707176948852982
346	0.9057666757020008
347	0.8023065807281264
348	0.15606960109580373
349	0.8215348697720816
350	0.12010385969938327
351	0.13344206284810786
352	0.1507889426300252
353	0.11838047728491374
354	0.15341702965946846
355	0.12184790896510682
356	0.11122048676077188
357	0.00010948925579463403
358	0.15079592193767166
359	0.12185963593536896
360	0.0858182968374616
361	0.16640999197680736
362	0.5001051118878446
363	0.1601079697737544
364	0.15544422216461956
365	0.00010948925579463403
366	0.12604928379321395
367	0.02820158705193896
368	0.15078182319642663
369	0.8986864049654851
370	0.8801021197678995
371	0.16127927367320308
372	0.8383720693913558
373	0.11240329951688455
374	0.8668034419403754
375	0.15705243425001564
376	0.14231132411817998
377	0.09484454935070694
378	0.13235164110444428
379	0.11838047728491374
380	0.9123901376950213
381	0.14230395463028483
382	0.15706401487385088
383	0.19890413369090731
384	0.07926090596193933
385	0.15338661335892873
386	0.15528119232342766
387	0.274049111569038
388	0.9057717402613124
389	0.19890424055984876
390	0.15393693849204473
391	0.14044341837986676
392	0.12080299740052475
393	0.8290869096549764
394	0.8244326548384193
395	0.07928566152550703
396	0.17702648825071063
397	0.16640955636889615
398	0.9445576374377121
399	0.10780266522355389
400	0.12512982693848704
401	0.8500820203314408
402	0.16640955636889615
403	0.8801131929932677
404	0.0281713560297226
405	0.9611498236727536
406	0.16640955636889615
407	0.1291402806758968
408	0.7359508798275974
409	0.5001413983786397
410	0.9453135020634355
411	0.8284271762442519
412	0.16640580364166951
413	0.07926090596193933
414	0.15338661335892873
415	0.8878647248774497
416	0.7778994228898943
417	0.16412816328703467
418	0.5001146818164676
419	0.7256001451774751
420	1
421	0.16677774875880694
422	0.15393693849204473
423	0.917662548469585
424	0.7888461701608
425	0.1124105689461041
426	0.9176377225654504
427	0.0281713560297226
428	0.9020706679389047
429	0.15394791545042957
430	0.08620561709478783
431	0.10007650882931199
432	0.9246353011526631
433	0.1305410809522058
434	0.12607509237491663
435	0.08706449151288483
436	0.15706109696740547
437	0.02817516115088704
438	0.9020711418449717
439	0.9323052130543323
440	0.8383790802537785
441	0.9153587621293255
442	0.7960330491634063
443	0.11637032523875365
444	0.9039967450911369
445	0.821543253245039
446	0.8334402584631851
447	0.8284289066661519
448	0.1770315242483297
449	0.1218409536586065
450	0.2740819783893868
451	0.08582564861710741
452	0.00010770724544378084
453	0.07027462627913171
454	0.12011136290282169
455	0.8889982138763548
456	0.15396393418873328
457	0.7601080226113807
458	0.9201136249888666
459	0.08421711073202501
460	0.0842172614205548
461	0.10007650882931199
462	0.1291402806758968
463	0.1296777291489257
464	0.12184354677415946
465	0.09241445865167085
466	0.15338661335892873
467	0.11121997629392492
468	0.07154754818198314
469	0.10011305673536737
470	0.8479344780992453
471	0.12080001270365999
472	0.15541631465455472
473	0.8244288491655143
474	0.9611498236727536
475	0.12607509237491663
476	0.12776382995240781
477	0.1534194801792775
478	0.15748391623671942
479	0.9323078061698853
480	0.1296865999061032
481	0.7778915111040986
482	0.9456061880830693
483	0.1612689741629625
484	0.12604547867204952
485	0.15341452086899357
486	0.8794194046645434
487	0.17703146110102413
488	0.4490561006660467
489	0.1575211832020103
490	0.8890035707053564
491	0.14230954210782912
492	0.10780174363294302
493	0.9053544133660487
494	0.10007650882931199
495	0.8659616283103398
496	0.8334459316831488
497	0.864998249536854
498	0.9039922322294774
499	0.8910129251853337
500	0.17703104669683134
501	0.7778847770436484
502	0.11241116465213123
503	0.9246402512563666
504	0.15706062174478358
505	0.16126085906963125
506	0.1554416290490666
507	0.8810596995195467
508	0.10007650882931199
509	0.15909258525188497
510	0.917762626007485
511	0.5397590485118516
512	0.8334406519004991
513	0.11718322979326705
514	0.1507996133233169
515	0.10007650882931199
516	0.8134504199993292
517	0.9053848030068534
518	0.16010844732525278
519	0.15750923063123132
520	0.9616540617546354
521	0.07379223313769645
522	0.9153615558553013
523	0.14230447028429635
524	0.9445528286223916
525	0.15908200936653805
526	0.9616204818699023
527	1
528	0.14231132411817998
529	0.5099150036607677
530	0.16127927367320308
531	0.12080522235636938
532	0.1570552346490934
533	0.1988920724124689
534	0.028675541198465444
535	0.8667770241979129
536	0.142311783961429
537	0.16675194017710426
538	0.735948244286414
539	0.10795045582206769
540	0.07377546599762758
541	0.12604547867204952
542	0.18762050550058637
543	0.8501429178606799
544	0.10007650882931199
545	0.16677468927804734
546	0.8482441836834647
547	0.08421844787622042
548	0.12967612892367303
549	0.8290902862817325
550	0.8462618159276006
551	0.4490561006660467
552	0.8621758906470931
553	0.920108330514095
554	0.16127080058799131
555	0.13054495646628864
556	0.4490897656943277
557	0.1570603518367896
558	0.8659647622420478
559	0.9020711418449717
560	0.10356725261548068
561	0.9286783537012804
562	0.10237191495536777
563	0.1218453408082799
564	0.15545175519481677
565	0.274049111569038
566	0.1260558876816209
567	0.14230639686573882
568	0.5397590485118516
569	0.8910228242354117
570	0.1495171647551664
571	0.9217142044052307
572	0.9401216451121165
573	0.15753097719677492
574	0.509895798967472
575	0.8462622303317934
576	0.8549524854720223
577	0.27405407112899915
578	0.7601094359406354
579	0.15338661335892873
580	0.12080064560323614
581	0.00010411262703687434
582	0.16126144113276528
583	0.9611483969795964
584	0.7359542406604542
585	0.16010802261138068
586	0.11241459828687152
587	0.10501219156110071
588	0.8878688778354192
589	0.10794107844719081
590	0.8244326548384193
591	0.13344206284810786
592	0.13344206284810786
593	0.10007650882931199
594	0.14297821303010902
595	0.16640896863129734
596	0.8334375888176562
597	0.10780939435830351
598	0.7895728718931668
599	0.10266622233200205
600	0.12185107980435668
601	0.13802897567504746
602	0.5001374656015943
603	0.16640999197680736
604	0.7242505293842982
605	0.14231443321220077
606	0.12080290314693955
607	0.17703104669683134
608	0.9316126853480855
609	0.887863124652197
610	0.16640999197680736
611	0.10779962625947342
612	0.10267142113126829
613	0.16413286343265354
614	0.924630421654692
615	0.00010770724544378084
616	0.8889993132105545
617	0.16414136377231545
618	0.1401110820921403
619	0.8910129251853337
620	0.12290495873614848
621	0.9020763514976812
622	0.735962113339141
623	0.1601112578332513
624	1
625	0.10010641896218757
626	0.07153827026809574
627	0.6812408886791284
628	0.1163886926040752
629	0.9177488820473533
630	0.9600820203314407
631	0.00010411262703687434
632	0.10355833492362869
633	0.07928588489636916
634	0.05566066744340008
635	0.1989035718656151
636	0.07154417164474527
637	0.7210632737855578
638	1
639	0.07377546599762758
640	0.1305328757491885
641	0.8473665701836458
642	0.094834783297552
643	0.27408520108954143
644	0.15341452086899357
645	0.8637463391264112
646	0.1422985111885434
647	0.1876137554938307
648	0.7869929531470832
649	0.11243284991263075
650	0.9176296074721191
651	0.07929251061936508
652	0.14825862506726895
653	0.9139034609795221
654	0.1218627002241501
655	0.04772669801122668
656	0.4635278821208672
657	0.0281713560297226
658	0.8721982073124946
659	0.863742574009861
660	0.1401136249888666
661	0.9176393981847428
662	0.13802912762325148
663	0.11240748785202238
664	0.8853661013904958
665	0.1296865999061032
666	0.10792515758634276
667	0.15341702965946846
668	0.9401064189621875
669	0.9070809996703693
670	0.8675824778678878
671	0.1291402806758968
672	1
673	0.8357269152752852
674	0.8334378953366869
675	0.5397590485118516
676	0.12967488220730086
677	0.8889972730668361
678	0.1989141574763033
679	0.7779076047162649
680	0.8889940729455695
681	0.7869929531470832
682	0.15752874862311592
683	0.70598691494453
684	0.8482408070567086
685	0.8721981351436585
686	0.10503078522290887
687	0.8290541443160612
688	0.14825517182931147
689	0.8970285577105539
690	0.8383858853626301
691	0.9201210701729663
692	0.10007650882931199
693	0.1429622547449874
694	0.18615272200140426
695	0.142302336543559
696	0.9201100590615598
697	0.9020647954369014
698	0.11718322979326705
699	0.14230395463028483
700	0.07926090596193933
701	0.8910304321247994
702	0.9616429863796515
703	0.8334324125206821
704	0.828419603556537
705	0.8874158210608164
706	0.08119442330919203
707	0.1171815012458022
708	0.12079933436346346
709	0.7641418355098021
710	0.07926090596193933
711	0.7895840417417725
712	0.13235164110444428
713	0.5001104769191208
714	0.11240639037049345
715	0.5001099490990437
716	0.9616752368121703
717	0.7210413146502798
718	0.8649900068671563
719	0.8422156206891409
720	0.19891340700041757
721	0.08421616065588616
722	0.9805106504565559
723	0.10354516755164629
724	0.09484944045507858
725	0.11838047728491374
726	0.8251050201909704
727	0.15705563384505467
728	0.775972018064561
729	0.15544963274371296
730	0.4635278821208672
731	0.15079488060589297
732	0.7960234792347833
733	0.8511718523986147
734	0.9801378301567698
735	0.5397893155775482
736	0.157522974591363
737	0.08421009072499912
738	0.9601120630723118
739	0.3221445474708337
740	0.04772669801122668
741	0.08421711073202501
742	0.7778744541039359
743	0.1218409536586065
744	0.15544963274371296
745	0.16414166952175038
746	0.13235164110444428
747	0.5001034113276337
748	0.07926090596193933
749	0.16010758700346947
750	0.15907245211485183
751	0.12912351353582793
752	0.8501049611993148
753	0.9616364027307505
754	0.10238578400809464
755	0.8910125022367246
756	0.8910149269421079
757	0.8334314264738263
758	0.11241072307389302
759	0.48156350181292223
760	0.7734713888514845
761	0.9055186533799312
762	0.14825862506726895
763	0.07926090596193933
764	0.9075157915853547
765	0.15705563384505467
766	0.12966875793200433
767	0.9039632405121497
768	0.8383790802537785
769	0.8853614688232999
770	0.07025745892793202
771	0.10011064916574902
772	0.12967808180233986
773	0.15907647874225847
774	0.8751041126270369
775	0.08118808034695171
776	0.8482441836834647
777	0.10793567844178627
778	0.5397590485118516
779	0.8244326548384193
780	0.7885734878311126
781	0.8637577048520722
782	0.9201151330462298
783	0.10007650882931199
784	0.12605655146966066
785	0.12604547867204952
786	0.8251013332124905
787	0.7359672828812995
788	0.9138971145714518
789	0.07025745892793202
790	0.9453165831575172
791	0.8659649163698367
792	0.1260558876816209
793	0.08618349987767895
794	0.00011259834981542551
795	0.1664099391391811
796	0.9424115265839351
797	0.8501520955322028
798	0.10011305673536737
799	0.12604603061421715
800	0.8637580087484802
801	0.3221104071343967
802	0.8023097515673764
803	0.16640889449527843
804	0.8251094892557946
805	0.11637032523875365
806	0.05567023737202312
807	0.13235164110444428
808	0.16127722454453985
809	0.7768083184501609
810	0.8874164848488563
811	0.07929058504198805
812	0.12080051780620633
813	0.1590816775415247
814	0.8889977540717027
815	0.9306618538990657
816	0.8479344780992453
817	0.3221104071343967
818	0.13053654421297137
819	0.7960201289512145
820	0.07025745892793202
821	0.15908200936653805
822	0.07926090596193933
823	0.15705569283671034
824	0.12604603061421715
825	0.8508480302609922
826	1
827	0.07379223313769645
828	0.9455590702957354
829	0.5001013332124905
830	0.16677168685763707
831	0.902065804504696
832	0.08118750004326865
833	0.8462618687652268
834	0.13413160898752338
835	0.17703194210589077
836	0.15907861445868168
837	0.1590842425995381
838	0.9053544133660487
839	0.1590837949149943
840	0.725597195344302
841	0.12080255703541355
842	0.1305481248368066
843	0.924649643102501
844	0.8383790802537785
845	0.8383711210621392
846	0.16674813505593983
847	0.07926415914093614
848	0.16413376237097946
849	0.5397962730088605
850	0.9001129018629999
851	0.789615082589166
852	0.9138971145714518
853	0.9053711805061175
854	0.966183715246695
855	0.00011259834981542551
856	0.8134480151498009
857	0.9123852637577394
858	0.02817516115088704
859	0.15544364010148554
860	0.00010770724544378084
861	0.9424121086470691
862	0.12967607608604675
863	0.5099142790998736
864	0.1251093756496608
865	0.12079971423397352
866	0.9805134980784536
867	0.16412808915101576
868	0.1229146679360387
869	0.1404618676238048
870	0.15607279200808824
871	0.1641203517038045
872	0.1770300761889476
873	0.1500925411868843
874	0.8889939090798593
875	0.78858173821269
876	0.15607273869292893
877	0.9217142044052307
878	0.12604547867204952
879	0.11718416116252967
880	0.7736924926638469
881	1
882	0.12604603061421715
883	0.10498588954099577
884	0.1590723001666478
885	0.885368150519159
886	0.7885734878311126
887	0.8853661013904958
888	0.8290979596660357
889	0.7778847770436484
890	0.13804052373855327
891	0.7359610059733477
892	0.7210731504188194
893	0.15341688042462523
894	0.8334409837255125
895	0.8668095845273466
896	0.15545493887147252
897	0.00012107017296616581
898	0.15907892097771245
899	0.961647897479097
900	0.10792841076533957
901	0.0870645443505111
902	0.8794209939933353
903	0.12607078617778486
904	0.10266622233200205
905	0.07926090596193933
906	0.12184296471102544
907	0.9453135020634355
908	0.8659616283103398
909	0.08119003404909682
910	0.788583183573655
911	0.9424214681022952
912	0.7759719525906964
913	0.1482549144921267
914	0.1554416290490666
915	0.12080525538858765
916	0.7895843333762754
917	0.12776901040872043
918	1
919	0.8889969115002695
920	0.08582564861710741
921	0.7359578351340977
922	0.07028868657101697
923	0.1600912554713118
924	0.8357450552094068
925	0.16010802261138068
926	0.8789212634598679
927	0.11718322979326705
928	0.867570381199246
929	0.8109195893411351
930	0.047723609622401096
931	0.1560678275934835
932	0.8432452775133414
933	0.1495171647551664
934	0.9455647193121385
935	0.04772423167572824
936	0.08620307276303427
937	0.8675762984802599
938	0.15338661335892873
939	0.8910129251853337
940	0.14953498619584618
941	0.8501395412339238
942	0.1077973278832781
943	0.773441355944714
944	0.00010948925579463403
945	0.10266921445194709
946	0.46353023436251534
947	0.0715193560744623
948	0.028198218154544322
949	0.15342383785593755
950	0.8479370773873441
951	0.07926090596193933
952	0.15008146838927316
953	0.17753002046769678
954	0.07926415914093614
955	0.12292808771682581
956	0.8546587025199803
957	0.15527306541281544
958	0.8519729220248181
959	0.9092002847405699
960	0.9001108626337926
961	0.16675920785355097
962	0.028181765039293982
963	0.46350541879223234
964	0.13413010781249568
965	0.49030551437200787
966	0.5000980931404929
967	0.12185288592861329
968	0.8482408070567086
969	0.12080525538858765
970	0.12080290314693955
971	0.15009187739884455
972	0.8546423462350319
973	0.12604603061421715
974	0.7767948430436461
975	0.1612632351668857
976	0.8473728134672053
977	0.12604928379321395
978	0.10779040083280056
979	0.3221104071343967
980	0.9070840627532122
981	0.10007650882931199
982	0.00012107017296616581
983	0.1989003647795722
984	0.8334314264738263
985	0.7960204871148383
986	0.9053711805061175
987	0.11716504813055187
988	0.7542361908125075
989	0.8751005016811737
990	0.16009907918734878
991	0.11239072071195351
992	0.16082801904060656
993	0.10007650882931199
994	0.8659759074164001
995	0.16640999197680736
996	0.5099030007559762
997	0.14231127080302067
998	1
999	0.15544673095509445
